100.37991222903477	90.95554467349781	100.14570812214235	90.696764863802	99.98872722681439	79.03926657046821	99.72030459781075	88.66502042503497	71.5958830746318	
106.21245053390986	100.6064809987746	96.41028940210246	91.75631450903944	84.37117762624841	85.64264831195278	130.59001800369316	95.39944825225574	87.64163350599652	
55.01114000994054	77.14843095051341	95.29637393627583	86.3379465022347	83.0267443776279	86.01914424092587	27.762432030944407	97.50947128897408	87.52368814257062	
61.673764041717675	113.41137774450463	87.76020094198006	90.149149046613	78.11844009811341	77.67021131701614	23.229200920499327	87.13014312456099	85.47475809769766	
71.52883001650497	117.03586165604838	99.41930588736602	108.13063750329506	77.29939437085929	83.29183575874852	27.392963012412455	87.30576236187812	83.81239373811574	
69.52947367714823	117.4927886579687	108.93259765883215	79.86895027546184	75.33659664248371	78.18337818758523	143.5311498036467	88.71230893655839	77.88725092127899	
117.71234889483257	98.07818738924338	112.1834583113798	87.68509299449461	62.925758047819706	77.95239939204714	40.555141847246354	88.29492394100615	60.88526318231015	
118.99126322199604	104.01416180450893	118.00425335260324	121.57749956924879	65.73025099986398	71.6436941312418	36.49899168684363	78.96079724172414	60.819420156070194	
129.72159616069138	123.0821121634396	107.15082879100939	67.19817798212351	69.16626738030403	79.63644460160072	37.46820267691114	97.32691564493075	120.07597953959994	
66.40305091172799	116.85842421812342	110.59718339934953	77.96848734028026	74.5022643592707	59.67236956559199	125.85303424013284	100.5519686543598	55.35257638517463	
103.37769130209946	84.78744747462463	134.5728543244101	83.49437492299353	79.61092950902456	127.95136186117739	35.24849629714888	111.70431719553105	123.48820021550534	
40.91961425616104	98.40604748639822	132.33542199186925	91.7867380334129	80.50280302096735	55.80350586783003	42.59921211223871	101.31428635603584	128.6805278780616	
21.076622360143368	111.60582203041504	114.61104579345647	67.98790437967035	78.86224701107598	66.02115556850127	46.14470196319947	124.14783950338087	135.14920528620817	
175.42849594040814	102.19684993121703	135.01988144010235	71.8983955274196	71.40557397463999	77.02882660549274	51.47778042240438	71.42365531621911	130.24576758241798	
165.68689357158235	126.91268781178535	133.86920288641676	84.02540168211978	75.04803454435057	71.70562268887215	47.330282108923846	111.41806411947458	130.0266591215455	
7.04162518793497	114.99324008670368	135.07112797956202	50.17862700490745	75.92250251238885	70.9108890930478	45.06609279851492	107.67625903740621	131.56665905064563	
80.42137257117415	107.28871134997773	134.09427143034978	40.151549924396164	78.93377120373067	72.08306998533061	131.2039014694288	62.507546059659084	129.15906856555404	
98.52976081676343	135.05323896249956	131.17596265460102	51.178017253511754	72.58819735669849	65.72644926251326	49.58498712748005	59.97875453830444	121.94921335421506	
60.99071230044079	137.5394617965763	127.09145922507432	42.06321971342058	110.0842427250564	62.043995443029665	49.3129119876286	63.81946936127239	72.80132818709968	
40.31096521023739	152.76527005765328	115.71281717604398	37.98668432970869	118.41366613426524	72.64667523606519	133.27175737878616	119.35204979835085	67.33548361204771	
45.39530914440044	141.68271809123146	119.36698563623102	46.25586695357034	115.45169549979214	59.2761654571784	129.8610765516987	56.28360714781368	74.62054458041759	
146.40211279117844	146.82964617530843	114.56661894296107	36.86805453069232	73.77281215134434	58.528447063659506	133.88533442030734	117.26296100150907	80.73676124965058	
143.28688910629987	152.0518722497942	115.70836432842464	145.04403463170675	78.74888586455468	53.8497957538281	143.7099041445267	59.89623913750783	86.11826381026066	
133.52315784212493	154.13131576864856	117.04177265863777	34.17931645056086	114.51396285216549	64.71127327532629	144.2556674613541	56.03276702963403	82.07702255766509	
118.65419289260058	158.7259387405976	124.54316824107853	29.422936304606722	114.97299674183687	75.01179544894454	144.39510346025472	58.03494332249427	79.8041454949098	
102.08142662595371	171.1977200300487	122.66737278273615	148.8696661577145	65.53777319603333	57.295581971711755	150.92894753931958	59.181273496884764	86.22970517589354	
115.97874326196612	167.5621942014998	126.36427051049988	146.51598252663015	64.06265576368251	56.976621496031	26.00949841178047	114.92791644482085	84.4353698351972	
69.71078091666688	176.10650285770785	128.91863058147618	148.68844456473164	66.7334638370731	59.51172824496575	154.92864646573446	57.443971121280626	81.42405849845004	
85.15864600718903	170.1329519974585	126.4184178642817	34.30260230894665	62.308763756713915	56.80590836354655	155.82416170319507	58.85244365203814	82.31000449322894	
71.99017292432279	161.79900109169088	122.31810151826026	148.50693383854974	121.8197421096092	45.50527296797323	25.68537511599283	56.98979426753874	91.1686027531815	
76.93863605483298	156.3221417357639	122.40774258573146	159.1481926368344	123.19257456202777	129.7711283200488	23.076163287076536	132.3007381866637	89.04985898609078	
112.90634287599876	160.04291157024286	124.72763155836604	23.14532268696223	125.52502642755759	44.446037356943	152.4750255254379	49.314743876331576	86.22924657725109	
77.4786062744682	161.95494366410793	123.28715455672942	27.420361536344515	124.56903855754722	149.07871487502396	24.444802372916456	45.81942497539428	98.3292028964232	
108.03207259906223	159.8782563403474	127.31606028608098	151.4803911676615	59.54740138387995	34.72677550693014	25.553008672951105	47.48877178221724	96.63272830316095	
109.9694722930289	163.70039175137592	130.58419744034128	146.26346657887055	124.08746409175423	147.94831034232087	159.52801508705883	52.10479295479443	101.81554774720667	
103.9163979077073	159.22527886174575	136.6135762967464	148.0076107603107	129.28782478094465	149.36090966965253	158.17473617997564	45.37485568045486	107.78795775557151	
69.55479996742932	162.30623305250344	133.97036674492733	149.5665945745355	134.40182780292133	147.76147377049278	157.63444926459383	132.16984595590753	109.61989848966125	
74.01739863591278	167.21293786610582	132.30829458645042	36.33261657159807	133.01092606043935	31.189093677754297	159.00646211877512	129.92658128045656	107.90874075985633	
114.62137183133125	161.74690255667653	127.95222213745788	31.020706389283248	126.77703907209356	148.3248873902007	158.95573195512853	50.36181442992884	113.57284672339804	
132.27443963306717	163.7297434297629	129.21841091564724	36.52674884476923	124.03442591654058	29.80418873079877	157.9390295513834	47.47036205200895	103.55595573895963	
118.6951468610089	150.593226635089	139.3210323005872	36.31901598745454	63.36321959778886	28.832908285224025	153.57652952243373	42.5855413140156	113.26945355602015	
124.93661250849694	158.82686715226785	134.47380244719687	29.687131379777437	65.40084523883041	35.30025501191876	20.477211049304973	49.389775739651014	109.22872212330476	
135.75301034014313	158.9572250496916	137.83883711689523	27.039634848750666	59.71675690701351	31.65004679655335	24.603640384565406	45.205539741325794	104.0179987402123	
147.62119263568724	172.34772774096294	137.2436165018569	27.474003064460305	123.40106367732834	29.745555670959238	156.9568444404067	42.13806534379494	106.04775516036872	
141.79432327636266	174.53919786125948	138.0925786376053	29.05971545587794	126.10055175568988	154.72834307099828	159.90839369182407	42.43007837769274	95.91860916618694	
138.31958794136088	171.06610557563852	136.30964273966978	25.30387867817652	124.55939013892375	152.41442200992236	165.64809653623428	38.23298684368698	104.12431678313064	
142.38669750391398	48.818298512888475	138.92731270947496	30.088360075649522	128.49865776404963	153.48102248550822	166.35932243902343	39.60491069888865	99.27528908297963	
58.95266806997952	14.936886895811917	141.31049700717116	156.59233058859596	131.74449436844063	149.7442867212025	11.716728838699876	38.332437272110994	91.14526600800521	
63.702601242401485	126.5905673250302	142.99522485921426	25.62094327639536	54.515190348793965	152.717316093899	9.49000921745145	39.09914591417149	89.37717292912296	
131.99218497470105	65.49543614255134	145.4741392108699	28.512961165052715	117.85056692538245	152.97159822633031	12.741048739236478	40.9994277348561	83.38064818957777	
124.96426470587994	0.27204495386757854	146.2446188378186	29.716678194543682	58.63401921134258	154.62596145409424	10.93811819951813	41.74915740947006	90.69447030840078	
140.39282443238733	5.531951880022403	32.47464944951296	27.99856543281292	61.55823334876525	26.51687392604073	10.50664641416756	42.314987152906404	94.24080382752469	
47.62283898978608	28.204662733830446	143.76366894529593	27.302617380616923	58.39392258123065	152.38632086377135	10.446338393591788	139.15784993862374	88.98840926024316	
49.60039004908944	167.56275773282078	41.12532321891358	27.64245913819356	56.76945646089856	153.75303025891134	11.317727534984067	139.1381073870815	95.92712081222248	
128.02088497967435	170.67918880110935	139.86616023600828	27.352882261636967	60.8359374092803	150.33866668065968	7.302068144507128	138.00871103764726	92.85180215199459	
122.53889258335491	153.5818278663128	139.34554954180854	30.88773827160535	120.99493752425147	155.08363999296435	12.07183513114293	141.8502021798081	88.7451438791454	
127.90657958539948	143.46535250805704	138.4496779320997	31.700129850966803	61.66907682059077	150.89753064728524	10.249479322067035	42.97486597083652	83.19789861412296	
56.838132864229465	25.16130908762732	43.62901424934811	29.383479490092856	117.2228643334598	150.90490204704247	9.23705448588393	39.57116301964897	84.70916907220813	
57.261969935427565	158.49573214099053	42.596301725191736	29.543564504071057	126.06432850339594	146.55207112234203	7.488029706860611	141.35702980746132	98.73942534045783	
123.26160033038728	167.36741910033626	43.444896741351286	33.930746658487486	50.58697938895485	153.30657826724	10.484385253204822	141.10390321556508	99.9991018674402	
126.94197937765291	173.59317255935878	45.342555529873515	29.18213098964607	58.64286923041317	148.6732400646172	10.047230520416466	137.20453864015832	104.45638186487157	
59.332506838622336	172.20521776527283	46.61258247895808	25.331030782879935	58.783295123187116	32.23568926778237	7.024836769351982	139.72355280803313	98.36192296581928	
55.89655759475475	170.8337527792211	41.14278658913086	25.557859384015824	128.7827553034683	31.1801335617396	7.239210075513802	140.7112257503366	102.53525569897067	
55.73859617984877	159.74232338086176	38.91963372764727	25.54184567931147	59.05368779450474	30.872899060737417	8.67575865522522	141.2891957013565	88.69205091728558	
47.27119892935695	176.20493440860326	39.22071039915195	26.66311302513152	60.679837042914244	149.18021569838373	6.37489257449213	141.93186316925966	96.98107394230955	
50.009154404276245	161.94180944999985	38.32031353823708	26.48888347740659	127.12982530954392	152.41308876467957	5.034926733485309	137.46649548530314	99.94275419193987	
53.946394205694936	152.4832222008087	40.488814818639575	24.12961721342783	52.11538430393543	148.69334951204803	10.463547905626342	134.65452920181198	95.2928221576656	
56.41822339638324	156.17826381085825	39.575811793394664	26.056951645424903	131.1597748919565	153.36378173526833	9.477256390234912	136.83425508373566	96.9422247066775	
57.989022327516786	159.03852578887668	38.50277963763048	32.34152271506007	49.82991577229633	156.85746354204804	9.67842713622772	136.73246422886243	103.32095624929781	
61.03047818143291	156.43662795424038	36.16253876581353	149.12356389522523	130.17488954231607	154.21695695294778	9.127477823029398	140.33407390512176	91.08966363276278	
63.48919231754415	157.50244058708572	39.10347212516857	28.553588901877795	46.938543782187615	28.83243183531608	9.528773246096565	140.19912422542484	93.48660704957777	
69.10928275844348	159.85563239155087	39.64364321942072	28.158086219821875	50.725368779391914	146.14622191998075	8.565400443009754	44.27803989509297	87.35790035265906	
68.09967062261171	160.7608747036595	36.34701256516363	19.83540130635221	54.0626992402407	30.825161469102348	7.313554167105468	46.91427200401933	89.6103346704612	
70.50465444727412	168.78040320521322	40.40575806229582	18.08101076179495	55.38641814752333	33.875929298861145	5.5943314587296005	44.589787124978116	86.90943022002568	
69.85215758585983	166.0926559486887	36.935441689694414	19.251378880790707	56.103959153425585	28.810298243211417	4.2102857107983045	38.60830768574401	93.98493369495613	
65.01366055615655	163.11485011539372	36.2906631541609	20.4883751389402	57.30128293092913	31.56378093686831	4.941222456980565	43.081679447329186	87.8028574759798	
61.08391217674284	173.83060681172213	36.379281574256964	25.154638340902878	57.66481667478411	28.863569685757717	4.513385190849735	37.829299790443216	96.83984933346468	
61.27866271397519	166.88695011617932	37.118984786976775	24.50166526067085	57.48765413287909	32.88165957072305	4.441481171305512	32.78700580246689	84.67138428997306	
68.43759424291778	173.61301853423197	34.70955518994777	23.0104886954601	56.74697302361537	28.351686963514634	3.8339660841996217	34.03463538242286	94.77271717316266	
62.260863939832674	169.9614395238547	42.49763507388568	22.993209343483027	62.31329837246837	31.997026205099814	3.1555438863862864	38.487790865552334	89.46412223236004	
63.920815762013035	160.16302594315113	39.13933763561493	25.73959734636926	67.65300296257968	147.9665040099694	4.138321829615366	41.72117064566799	84.09709130560383	
58.88289349789557	158.80005583821696	37.01622122011381	26.92765333198653	74.04154590144528	28.924666595808212	1.991469806942572	39.319726603591974	92.05509804393138	
124.3955328588424	166.16587104246582	36.28084049895324	20.96264647802002	78.5267762133507	30.584480470952126	1.7881642231204442	41.16264961798773	85.86968571034134	
62.119695202807655	167.7533967669396	40.921892979172625	21.17286630249902	79.35606959356811	32.32855898672329	2.812881918052409	136.1783538661876	89.8440606420374	
66.37875398725642	153.1620589144441	44.616166654835894	17.239880955409834	75.60734239805353	146.30432530426503	176.85009148454702	47.245436568540164	82.76430086504195	
67.83023211753465	12.298783277410143	44.267334018091574	16.62768886263406	71.29337584442503	148.51473825915065	5.670254651343568	42.10794990543068	95.43841915547492	
110.17491430085028	143.77059028479894	40.0926102743853	17.984828972001438	70.69229330452148	29.590709634054754	173.45236553049918	43.11868706219883	82.73489803023607	
64.82329267571876	158.71297164689773	42.59691103573431	22.82127835720854	74.25411070581394	147.68046059731705	175.43476513231215	38.08021114837935	76.48826558422203	
66.58165506262169	151.13367734710064	137.53170735201735	23.846199907309582	69.06732427553084	35.125455122218774	172.1727124961783	42.036067671626604	71.81832086314519	
69.9010559385468	156.7495958138268	42.51246156009594	158.1557770781493	69.38073419063504	143.64369513666276	173.4891592547175	45.73230603895106	80.03058492037026	
66.6519435917358	165.9463539712337	137.0326787142477	20.203524960821326	67.24360906571724	37.837346970109735	174.37096594537562	49.91581383408178	81.2352106162366	
121.43896435861777	155.98221538010225	140.3745732373566	156.89780136305836	65.11449303568045	38.40926336015676	6.02659617264337	49.37804131118279	73.43105691914951	
60.94766721025275	156.42624204788743	136.4967939260131	159.9675219191099	67.47514846034804	40.12598560995978	5.938028759490752	49.12532911392511	74.67883658996568	
59.6184033408801	156.5569603226174	141.72800725175657	157.80120287837147	69.78089387806247	35.41908106831807	5.437407442638068	127.93143698961045	86.22293429061475	
65.47070255528337	29.528479963377485	38.963839919228235	24.95112709788401	72.60780370299192	39.511070505018694	173.05625754997826	56.5009357289917	78.04895503358156	
63.766256798109836	155.71421836873589	41.09978380825917	27.78380808682629	73.54476857293882	45.76772167199945	171.73235291505455	124.89153734566479	105.09360503684076	
69.08944296683856	158.4142446568077	36.74940983964994	154.40206390648464	70.56119032627038	42.81148650379376	171.62333071872277	49.19321740838198	72.79510678421374	
66.14961524381602	23.537072046066722	39.382064647199854	23.69445215906405	65.23599303475952	43.878116736771986	171.82509655239153	48.271820774938966	72.62442716859043	
69.65375039119667	159.47531949077324	40.76223828294702	29.882942830241102	68.81105707135505	40.47253795486976	9.855668765931412	51.661477313462896	111.86535937148976	
62.05101538996361	161.63412001778147	40.43939256338402	154.31234105455368	62.61888980486567	138.38760503729947	172.7075523974464	50.822432625735516	71.52658477929036	
57.222752519349235	163.89560798253606	35.108226312773986	23.496760472468722	63.6421506725011	42.94026382344163	5.546736379744226	52.497004607299125	71.60106267169292	
60.11013617112256	159.860372031457	39.26482019083108	26.220406075704982	66.80610560259046	41.55725686716239	4.947755710514427	52.73112874344527	67.9744721923199	
62.35738904254985	162.8423236339837	42.551854912217316	27.770988023990824	71.18709102675078	43.741535276908266	6.0586807531828955	57.88833365972611	69.32329624581158	
61.76244684975096	158.78554546474138	41.36433624003848	23.21475504394444	73.36535321619762	41.10488937026098	5.487734418525337	119.59611801870508	65.43098779649718	
60.67392515806015	165.19379742651645	39.08000342273733	26.28210619615033	72.16837676350237	36.1054785127962	175.24401750674423	60.54904724714397	69.51172864820838	
60.9071959850257	164.22858228575063	36.17687914105239	22.689864575247885	74.69424543385729	37.865056447599024	5.950175244351006	61.78038561446917	70.74873367887082	
119.16951990498963	18.49072828605003	146.119244378975	25.225933697501116	76.00478727342774	40.018820143381674	175.39155510870518	125.17519983885413	65.99619689128646	
52.22781683547506	169.91279287478096	140.65454798840787	26.788462571740265	73.4298903300503	44.645101226382785	8.3894193597258	121.87438535105672	66.81870557952541	
51.08146096348827	167.89003593962568	144.76723311652435	28.153058814554026	76.13743206666727	35.55036044686298	172.38614391363723	125.88828240038917	72.00438523543522	
61.73329287129404	167.76869467381965	143.88070081557524	25.774618632729606	76.85020061113981	36.41717593363223	10.157667423812454	119.30850579733078	75.5770834384369	
60.67174313765992	170.25090356760305	145.68639414364435	150.67437107088284	81.19964127827905	35.59357725489654	9.852303409114096	126.20807147350133	73.53368366805903	
115.57885749383955	176.86946187523273	149.54867969375357	28.64293830522347	82.52808758330877	29.535131226343275	10.289411213764177	126.9721676011251	66.46370434466336	
117.31499766222427	166.96832335729877	145.62865595945792	27.617951457056254	76.40008270822113	34.580704600817505	166.60259020114313	49.17734537415071	109.35628778153954	
119.07692727509257	163.41195485012653	29.2324675725007	26.35993171749882	73.85931404253155	34.33295728459134	9.821595271160463	122.4981431457941	72.39555287867249	
56.62331556490663	166.1149602283605	25.925848279934858	27.98428816095439	75.69644908566741	149.11635882524226	171.4065282214481	118.03855469122048	79.0425241190371	
59.871976920677284	171.23568076780523	26.339718617187355	29.441365766445134	75.92156994549458	30.822111168460584	8.434783932990596	116.38685622497643	86.08570911778772	
62.7674811890916	166.7300497676642	24.69060647404297	27.982721405419323	79.90555210843816	30.480178530197517	172.85080654043125	118.47809300183434	92.05404994580277	
117.1636784105421	167.3042920297469	23.19233770170321	28.711015559565787	83.56501358086541	33.02421143010192	7.095246458537456	53.12571789209458	87.32580736061037	
62.77087339235426	172.0537802631049	24.381741517905073	33.2454622082426	95.26572544336172	35.98733008549426	9.585784184788125	56.23482028356264	96.82837288404693	
69.1037951721342	169.36041736500252	27.5489752409522	32.60279877275414	70.37336509732351	41.7485748991846	168.84149761907074	116.27238214705261	83.25086566649338	
66.87117443571681	167.78499915943314	30.347747250573022	32.43728403469728	70.92078255442081	46.53537485306406	168.3782041723877	120.04920614097377	88.12297908439687	
79.17746097712492	168.97762810278152	32.05008473746027	28.339758345721783	66.9848623880591	44.998049412452545	171.28521737686603	124.18649864508026	77.94777494725822	
75.96300172204711	171.88326672953002	32.21721613319955	27.996459777513074	67.87849357123991	46.743122791825144	8.947646471399898	121.8270922892068	103.23073398306711	
77.51410277030728	172.4086900606568	33.05961909959953	29.987584162116836	71.79769804937762	47.050286691684235	170.3433554873208	119.43361545051519	76.86322674799322	
74.20298857283989	173.06880712118766	33.13313783357292	28.09146078643273	76.0457191736123	45.54615712874329	8.082355629959306	121.76408393956575	82.4293913197703	
80.0459919931727	170.2719710677951	35.658600054361436	28.168387407822348	80.74313079366524	131.77372504131606	172.47314944069262	56.17453199063296	75.91718804190258	
72.86096339447715	172.4729123061984	35.256597340434226	28.337054686574415	85.00578957409172	41.46391807968632	173.07895714788944	49.697525314831246	110.65256892261885	
72.49370679798578	177.29442038906043	34.09320142239019	25.79190011581194	85.36635950586168	135.2459783593405	176.30426341009724	45.796786812411476	110.24622468689559	
69.68844724596222	179.18085725257498	40.8878263187704	23.469752287086408	83.49339048387256	130.47867221607981	177.28415862004016	133.16817491130553	110.39267639155538	
69.65620650683354	177.26655347251304	35.8462080471631	28.153685781092552	91.68436607364181	48.89490819262253	2.5219987211992536	129.26233713957583	70.06212410303154	
62.173685775086106	179.63773475214433	42.72665218383178	149.73805782857494	91.86376984026782	47.56656354841346	3.5765588270143676	124.98991876066982	71.14202271783896	
59.74359700954928	179.53065207892436	36.16896391611598	155.57399920998336	90.0910462677018	48.92872216385679	176.3243790015201	46.44041625634197	116.89922755168169	
61.91166838537575	178.19115794279534	43.01156930669753	155.1761923698181	91.38451517081602	131.95818829666828	2.605875908456511	129.93214251575787	73.88381580476567	
60.09703891204194	172.620997910722	38.42803804424602	156.39541048655403	92.80625628239456	47.06139884499308	175.98297382685783	127.27556061444075	75.27030168067027	
57.01438965282066	171.85703235980375	31.594047288736885	156.14984922247538	94.07462912830377	45.843063942236036	3.7256906868652124	126.39744039147395	75.64568830123716	
68.68785732432391	172.8303994642733	38.78205498588597	153.47264767006513	89.19478193610274	52.206049461832535	174.43421970040978	125.05657647668795	73.8434295772705	
110.37349407901023	171.94073393242638	38.61423664028961	157.43144787979188	90.72296533914177	131.45883214018292	174.66461332197542	121.70041652135548	71.86175886444379	
63.07693849796731	162.89673576005146	34.81071183023495	20.846930384580357	91.898122307066	49.84492679931139	174.91652238937883	116.41869457253837	80.15096432300558	
63.35061908768621	163.12377357322438	36.95433813070158	25.747388941465793	92.21025875331658	53.54791751260458	5.685399043600555	116.51031067755883	75.71472107916871	
56.9877631786483	161.7439249242184	35.02619217867139	21.774771367605105	94.4938622692697	51.78087203339375	177.35859151544986	113.62438956922796	85.55453425130705	
57.111829881413136	159.72399285124345	30.605987882240072	158.70988314375194	96.08442811013838	51.137774475424095	3.2124856823507737	114.32837156006484	88.37615805244967	
60.62956600272454	158.51847880288315	35.16524344340809	20.94922222196264	99.69375861967305	46.017121271038945	176.74157715923388	117.7503667856659	93.08122036639149	
63.72530563285273	158.78386952149688	31.772391834428735	158.26282817848016	99.3935536173938	136.06372793441005	3.4912355721554613	120.148133818261	88.27935990729908	
63.61550259595114	163.12303033325372	32.0527898005929	161.92378967657973	99.68531026195382	44.611572018611625	4.253071932310052	120.83154818452321	90.0297526182575	
71.89351222662424	159.90566010029048	33.280033591585166	17.264714103110745	97.29451395454443	131.65459818392108	175.28399056825003	119.93136457445657	88.32617259971046	
63.0537196781698	160.25740933514686	33.627047105152066	160.11755653382585	108.22277189328206	47.431765571149484	5.337759209252225	119.13808966527952	89.27031390615652	
65.91507213339071	171.1214570195184	31.870849475781384	161.5594715799321	111.66216832705663	48.379551745633435	4.139824316313372	123.44655176761736	83.85812119111506	
64.85648616496745	166.576821888195	36.476536265877236	161.935292991155	105.83600664047674	47.960293864347456	3.2568950975314404	59.58284905233954	78.67623896359072	
62.67711831070248	168.59722002433628	38.91979586119911	162.90665581244966	104.99330914741363	135.26778832080913	176.63605117850062	123.11229204675065	77.02425272755036	
73.43390139033913	162.55494416660144	32.946524346405084	161.5855703064777	102.68664337408761	137.38794012999685	173.45940461742876	120.52467336606084	113.04111802286991	
110.71012289036186	171.7061684329139	31.73057383220256	167.42078737321617	105.10070498390849	41.066839382147116	175.66456089694827	126.70206176018037	72.47168596480121	
64.06659922996555	170.2048820807841	35.04879289906085	13.30449630051645	100.33172964691974	45.47895928529475	176.0461598566391	123.67079843308937	67.6404310376429	
63.169980887272125	177.98246737558074	32.27975430879932	10.916464187175597	101.20385663487959	47.54937853498136	2.466094296931579	121.44393505538764	65.21849716659231	
61.86616780781811	171.24896304450203	33.73551238218365	173.79275370603708	101.80449739488766	132.93748697454802	0.45613928527072023	124.17088188793815	64.68414081627843	
12.897365448033117	171.84620398216097	31.76369037371185	11.264796333409269	106.51206935857131	52.40413138669601	0.8835117640454078	123.43030668203401	63.304088332591924	
115.26333365469085	174.0353418909755	33.52434229804527	12.231078907672748	103.22669444214841	48.584906676623454	1.417208202745775	125.66643949062014	63.38034856816166	
66.13302407616978	173.4971421414777	33.4636302665914	13.56041997095813	101.63698744654087	43.766848516663664	1.1709419130193253	121.9545654109044	63.06063872973686	
67.4313708956388	175.21738299653236	33.835569962764495	167.17845454827378	100.16788087969002	42.187695023825185	2.9943158197989796	126.56277474439538	60.36373327306632	
66.56514525054882	169.0853038489558	35.14286414162169	12.998420019611986	95.71088651898684	137.0357474262827	2.37898779534085	123.83837547946784	62.75749443123016	
63.3458804897416	170.6920281902522	39.29831818989309	11.766017604130257	94.05430666534568	43.849562918368534	176.67814362077792	118.96660870933191	117.88503189250058	
62.327628883603666	173.1482374642887	41.40079109648579	169.20589668021694	101.25792764891766	134.63999138988854	178.47228224009328	123.83436345255487	64.86046221445032	
7.855947936429951	166.08064868946786	38.37683322860759	166.57822940912675	79.56371385934054	136.63322509585987	0.6139231629350349	129.74405800891344	115.64371415886431	
8.554047383131591	165.7849125851297	37.04151043669932	14.679349500673982	86.4085537980109	41.99318042539659	179.39884628499016	131.63165010781694	67.93002531325543	
173.21094529062873	169.66724919996824	37.61365255486793	7.19146846958668	87.84561926075959	43.51208460024479	178.2463190028681	132.3279266997384	68.1087816716953	
171.7586471572008	175.65435229869328	32.9833435873758	170.09829233540555	97.29786672128263	44.16963458627036	176.6458086157641	131.5109689096219	68.23573266123711	
61.735783635641695	174.9467045490282	36.52535311197278	171.91750033803234	88.85132227769026	143.6502544807013	177.45290709912675	51.13336535762263	67.42602790377262	
169.16351213795173	170.32290091504322	35.9233688248614	175.8750053369306	87.38470934497134	144.8642445438553	177.20459690086145	129.8495297302578	67.23285046732525	
12.690539133611185	18.914493863450588	35.80525455124	178.5889194882227	86.17366549026855	145.67110164525465	177.07587082393047	130.9786056280108	68.42899650341079	
11.192273913117424	159.48900092617475	37.3488425782781	1.7435751081995787	86.50832138804242	141.9462031354382	176.7696842601269	130.39852281391472	68.26562962359534	
168.0437450780505	15.336490960471977	35.83578204213699	178.8457576266967	98.94912531123659	37.821476268172106	4.268816820891361	128.92931062883545	68.18407034312982	
167.24794288822991	12.646498348437282	37.185179274982325	179.66085438245273	77.3633053824569	144.95171555904912	174.63098281656815	129.2629052655891	72.3667070480749	
166.99299204269067	10.59293696888837	38.67127630626542	1.8333217286145855	81.6770444327358	147.15604394761422	174.0873079875456	127.9263429234167	72.75470001204472	
169.70460627014364	2.2145950797674296	43.26775248215	4.945412436306182	88.97908394393255	147.9644396681883	172.9667890614422	120.02283917181788	69.67511785775943	
166.46507378612426	164.40995006877154	45.68115610014006	9.536353412824015	78.93006297993671	41.589832523703855	171.8201147364737	60.661601844983025	108.54764918514122	
168.89143317573482	161.4709113271714	41.66547584416156	9.522179055175851	84.45448502885422	138.05364657007874	170.60520023533257	119.58039270990675	69.77868800034119	
166.84938024601686	159.40934937708784	44.230270423978304	174.59309792673915	88.24508034961683	46.10911137898623	173.55994554400766	116.59747576208835	65.79565060360935	
165.67579457751896	24.434530787275182	42.88056405536437	174.6588730641492	87.5447081438001	135.49581700196404	174.79611950538444	116.64456536624819	60.76129780396135	
167.8112167055532	30.389512038733255	44.47953377901275	174.9243019408893	91.15320716594505	45.88079449464069	4.680799105549003	120.31699503387105	65.39636320244536	
168.2730675351094	41.69987479212906	47.572067274805306	171.6007076789686	81.9248475168425	42.96141352383083	175.47791661612882	123.49182370692816	66.66812276548487	
169.10965895818438	145.45053023346537	47.28796498553249	168.93230092889277	90.14042866811542	134.24322106503132	172.55327133074047	122.83700303791312	70.38769663764437	
11.726977420493867	36.19987044169081	51.891388936889015	6.5594430536739985	88.63216059593053	134.42950007021946	173.72560448134462	116.0551504262847	71.4465279811802	
10.70256551426482	142.45383152447255	52.428008470257744	7.5181959864769325	90.77588822310189	132.9907894245396	174.39658226903603	118.82263909637759	72.15907118636453	
11.784680324688814	145.62532624703206	52.17184912916413	11.081598685665465	81.28417565001308	134.58406198255	172.86102996783646	122.09353642242283	70.95645443805685	
8.042203698366539	140.12965097237966	53.10907683179252	8.236998764213729	98.00821619734762	134.6884522578507	170.97616534554206	117.67826566617175	73.28155186569587	
173.71507281775914	148.57802319804608	55.42778868897128	172.66249756355762	103.95130171676674	46.03138534999893	172.12027278017337	116.27531869436048	67.96520993353937	
173.8765675946162	153.55252820675983	56.82963962209188	175.52590874429336	104.2660418941158	50.77307392851646	173.77602645466973	112.10190214694073	72.03638698261705	
175.2824972058763	149.58754181320762	61.93625446139896	172.34031912208073	112.74564822134607	132.15599183362397	173.10904151686415	114.16604692608907	70.83815083723046	
5.583082907385712	152.5924730534751	69.51998585708657	171.4938029286193	113.0108316282435	46.289722103387	7.4758273263545405	113.74749234301203	69.00492930706508	
4.710662362540741	151.40605792363846	70.31227668425558	174.24141404329367	108.40794417803336	137.65431603383468	173.50671225507296	116.28151869550396	63.27335876574582	
6.208718816071043	149.75905272751388	70.98570472249337	11.276456712793129	114.49186887705561	132.24050883243643	173.2425446280536	64.41570294419583	64.23927773570517	
7.099242724314682	149.43290752545218	65.32894161367706	10.792135740814489	116.29130166037183	130.87992743148845	174.07170024320618	116.08534894449537	65.464973442842	
8.970185018836876	25.6652334522933	57.869054607734114	7.732123649225903	115.53187570513987	130.45320994917273	5.702046692282297	117.33389048501685	123.20492525333309	
6.192358946627949	159.9005023665645	59.166159047312036	175.80376461634137	114.12235609391385	48.136614395203814	6.303639815143442	65.24055101266187	63.67931211751946	
7.72856062063938	159.02361982692196	64.20799451604228	176.88422897495326	118.74097262685142	47.56370400174932	6.135243484274042	113.02862526956399	61.20633237416081	
6.853412079469357	155.46320435395157	62.61074490171278	6.588870272505569	121.11828047891787	134.59739362577915	8.285490788618999	111.3193942460436	63.448498159767034	
9.693096010083163	24.942307386748045	67.5282111446199	174.72885055421028	59.97816037896936	132.37513423209302	5.818524156495653	105.19162858748747	59.91127497183665	
10.064844299885257	24.0301900030447	58.24616730537357	3.4746697091780483	61.76343979655914	44.33879500712039	2.7690855599430013	108.72724361293174	65.66868923043852	
168.03445856249414	22.25844410202454	64.50431051893818	4.400723869406387	65.41867135632656	135.03100753691206	1.732635898596973	104.39821191988351	70.08564779746551	
11.17495272656159	28.332541390874454	64.34933323806126	4.906044589368816	114.54117552501272	49.26893975105778	179.3834802381118	106.22413772800135	67.90550409473934	
10.436882423614884	30.495146312805357	65.75762716099965	4.053599107638269	104.78909052051999	48.572992296967044	0.39918768256909654	104.33517976080435	77.41909660085194	
169.7515198848376	31.3921703568674	63.27906426466606	6.384500676522007	104.0191881548507	49.468696498389015	0.04097679100460865	114.76299054840014	79.3322855225348	
