106.04242199745595	74.67849748516034	131.93595609091523	91.40720784402404	97.79138145529198	129.34937596905692	85.8376834865948	89.95482617616992	141.49979259721684	
53.88449477052204	53.38634408876813	142.4752128483387	100.44486192617396	97.8191635286863	136.92212879793405	86.26639589030398	90.69622529939004	141.54324211689317	
135.31466757244579	72.78336205197634	139.21729254495608	99.88602256830957	104.37101787628964	131.0136583444121	84.20583309685637	90.27233784149772	42.120646401047104	
47.570919044085706	72.81600863980371	144.74538008425014	96.51136612894474	91.05099430226127	138.39727720594587	95.09698607779107	87.25916709927422	39.686300765314066	
137.2995659967288	74.53704029720417	139.42828776871508	79.21236537112702	89.16559035902974	136.41621601840828	99.54355296615304	94.73679072189609	39.22412540941916	
149.22393088895424	71.26478577103984	144.75023651106235	81.28476403230219	87.74258873448895	140.07790171671306	102.29492281489816	93.24653635456245	37.691302124727834	
148.81569103437343	58.49371926795173	146.42721957576933	98.26793430192636	99.19766959192195	144.85902271018958	77.53267020493293	88.47440355524836	144.90507037764485	
143.25853222769643	61.68421627637764	146.0310509378965	95.16619650463817	85.20059984206527	141.46641418739594	110.28859268128889	88.22398736582636	33.20728311965405	
33.208175745212884	53.518761685224895	150.1464142306206	93.92716580050363	90.75134821768043	143.93036902335726	109.14679664821604	79.40910425366864	142.77918535288958	
147.9522724402737	49.50574391001794	146.88806399443462	81.8262917877155	90.60816408510614	145.20731996155394	98.38318455744874	102.96479372624528	40.55097467521165	
146.99988492491943	44.426570231769	149.58634788378933	97.36478419017548	95.2168104652205	147.81514135669514	100.26120947630876	106.18720399279775	139.3993542807006	
34.66023701815303	48.709586421403856	146.57556884908755	85.64539589420923	95.6192758645363	146.1903191490488	105.6059591801434	107.78891052503855	141.1362001649385	
154.2336266222938	48.640590145916725	153.14859898541275	79.27702870438424	103.90026614016931	150.19311969395397	64.91731067645959	108.39611812173119	143.45171465705766	
161.25713372398454	61.42188647099907	153.51373355878684	98.93437420905897	105.67877355070276	154.96336820499593	114.13517032368384	107.5673175184239	152.54019320864464	
156.03524860387407	110.27515560793324	153.42191407487502	82.94219937785036	102.49857905005257	155.05674433206653	115.82472919651126	105.85022276494166	151.45823264284974	
153.05959338739143	52.82016267896076	149.15300983005517	82.1376449011579	100.66509702913254	152.3053297857683	110.62678786065044	103.8188010569403	149.78890824894228	
154.49039036550286	51.703040192098605	149.7502271396635	89.23387757911344	101.5966623853297	152.74890009179208	60.72579593054559	103.99313566067067	25.80466220462462	
158.20248182088363	49.05908395014163	152.69024861828214	106.75787369904597	99.13712099442839	153.79882357920488	68.00414874293386	96.6306840412768	27.59838478535925	
163.67188035423038	64.32132630914212	150.56803708925457	80.60434718063051	89.47499161299245	150.27500727515962	59.31365825265105	100.943401623514	150.83379836209204	
160.841502861976	53.001547117696084	151.37169592685103	98.98813754611244	98.18670397609256	152.31530488650077	64.41405852250541	103.20891489157248	26.19369952577788	
171.3802001988774	49.017039921976604	155.04762359131564	92.28600366411558	102.94038380560833	150.25644241367718	129.13278652670377	94.72766274559726	149.9108505176042	
170.29356149504886	42.96265648862455	153.87960198823455	90.65238196705434	107.1980190371776	153.30007022990657	132.90062033614655	96.6291620376657	154.1220316872304	
170.55293950538157	43.33019779000526	159.5214212963018	85.12356791618386	116.56172816494124	154.94307194032064	46.79333163509001	96.26547889100075	27.79840494749842	
163.8612751201498	37.897830393114646	157.23945063421243	80.41042114620288	113.65691575829948	153.30055386986317	50.842596450976146	97.86414639787843	28.20089833666999	
170.74180136040238	41.23419818761723	161.85514727463476	95.22534415801489	110.44646035648312	154.76896288175945	45.801581599261816	95.34868202308985	152.51834782910964	
165.11411384867355	37.02378633621737	159.09845849536157	91.85449788691821	112.31732574778101	157.9944726054548	47.490681938741986	93.83344864074216	156.0356671555717	
165.99624997529253	50.479935788644525	162.7827769915633	99.63756086178493	114.483792732284	156.51319014705746	46.503311639570164	93.0565051882485	150.97252232850266	
167.13655451164232	36.501673498262015	159.74639676037518	104.99922235321267	113.76787628731948	157.73859286009784	51.44685035346412	90.29539243798395	154.11337682397144	
169.47130450745766	61.49993033527541	158.79837548850432	111.57981747876497	117.21505394843282	154.93675443464247	40.852220220743376	89.11331239735148	150.61099376308655	
11.394233759099533	44.55565629314705	155.76818065372686	100.26034870464649	120.18143486243855	155.97245409711977	39.51479560814763	89.04467405143161	153.0679477294013	
14.699497426840292	34.72045212663085	156.82255033105216	104.45351103534703	117.33376747868678	155.31961410480986	48.20512250689515	89.01121501177214	151.92351564112408	
5.964454034572915	34.95447367557547	156.41815304515873	71.43384959273592	63.75763577070855	152.98553912949845	37.44946834036027	89.71592348358645	154.37181042280298	
12.245052320509087	46.9062509990333	151.78757602528174	97.21580526966011	110.84431608009702	150.0321439703978	46.23038576267301	92.89743374488242	28.90480604460622	
10.443590506863355	60.14663051498342	154.1441350203751	107.09792685822208	109.58845631365111	149.04047385037816	43.651940424877075	81.64116386964663	29.91561434604373	
7.881516936895511	74.48980544937487	155.18898410268278	99.82396835919515	109.53142174073602	149.01790320191674	140.707920817565	98.4799948554771	149.82240281638045	
13.722143684708431	66.70938391159228	152.60496135673327	102.24325153745245	106.06261667553771	148.97417515036557	134.89663526001726	94.93454869426031	147.3213701796038	
18.09337944167569	84.32663667565828	151.1625673162854	110.11170356987799	70.27599151215944	146.51823554221716	137.52771039985097	100.26266473593881	33.064979617572476	
159.24514507549898	67.95236219750052	150.6931744620095	106.5817972343914	101.97550369966841	147.60753092290187	132.66937274171804	95.74626457819383	35.86524464272348	
162.36272618323557	107.19670868152447	152.62757352513913	69.51145385165071	74.20268155826102	148.1091428093575	132.8080546850292	97.46659089706377	144.72931942181978	
162.60818429668322	74.31510331754784	152.30444431697703	110.37717092270933	79.73765371048464	148.5020483847342	129.367906633654	98.84606143901601	146.910980603841	
163.54193861228757	109.31371752012817	154.7930612510438	114.35581803538338	85.46842195944998	148.44354480113128	123.62457694260763	96.79674227452838	37.10669788599351	
164.49756411453012	96.24841299473083	153.2182480029416	115.08029999518727	82.67613899621153	148.37284805702114	127.35322343353423	100.71928789537513	146.1675764477305	
164.01607283792112	95.3912228507727	149.9273105940171	118.18567602204949	84.90320626640484	143.39841195049982	48.9634295346083	103.70855949377612	39.940767162059394	
158.3060706758038	75.27769961390291	152.2169598319318	116.96258549220215	88.0244554548093	143.77284885908645	129.52000033525727	82.67174103823783	137.948829070941	
161.41341896088488	115.5944970695424	152.37841438191398	120.38842823693129	87.84980401162191	145.09729705803377	133.1993965112914	94.35276555691789	135.43837045011523	
17.15543715090526	120.53237992609056	152.76924220293537	119.05486759492156	95.23348250322867	148.94699811924596	135.74054171460872	99.49400452190558	40.569769490146186	
21.34787133961315	132.76919185031107	153.6889980783119	118.54145366282727	91.71961834019444	150.15878432701575	134.04374726293463	104.94351770604096	37.17258005639522	
157.9472592133514	85.44844471555925	151.86141698428213	116.08616402026861	89.77573781087446	149.10668813280324	131.90157983425286	75.654089173172	142.84455362418012	
21.707142486522514	61.058321726465046	150.07952570902648	127.98879087331258	83.73846646836307	149.23962641359947	135.90482365083582	101.01853044971077	142.03497319760518	
152.38359250844607	123.78889709002155	150.6954399016152	131.08515695194464	79.27771523890262	151.32290884165045	39.65052859372405	106.92075009661959	34.55107646956881	
27.83957880139421	139.65593611541752	149.89319817357702	119.15042097382185	105.9284233241297	147.20617307587068	136.90013353448202	104.5795261271508	38.25615465845366	
34.25503434771308	178.41602509418163	146.61796858490672	132.46988703917557	108.06438874736817	146.3656609524479	136.8980459423165	105.28145267670328	38.80624269695595	
35.848730367771246	148.64910278316364	144.92227389849262	135.60020766600297	57.888598934164754	146.01281183487512	134.0048332922102	99.62891314930006	34.827772416304505	
34.435195850772104	174.53890755364768	149.6775252487978	134.57918820907955	123.39210372995642	147.35521611174232	133.6092120474707	97.78102550629401	37.35776340429759	
43.454438296678916	148.69070294300045	150.58934607258274	52.85507743817507	119.88157569801872	150.45457538492073	138.69046067852148	99.1010189048197	147.04581106060138	
37.67141524014351	128.6621411059261	150.98727156180274	126.22040974612909	123.09803246585763	149.94599289308226	38.98000234802256	96.58510956811722	37.507121861247654	
140.05720811467256	148.89696774339393	148.20681978244258	133.21034011841164	54.328395990133956	147.98355710831942	130.95080482163235	93.61607083657917	39.019607930416555	
43.995768109102315	156.4573077145316	146.58453740098625	124.75929195092269	50.241685332789565	147.44163704400358	47.80900984805465	98.47599028114702	41.938148138000706	
131.59830013905975	133.42405942363527	148.6010728901873	131.30936756640395	46.83229188845464	151.53050276027008	46.05361607171785	102.63167482352759	42.90977996065826	
130.1409433813093	112.46130797237868	147.62588917346415	128.1977646444609	134.26153429013775	151.54752854961495	126.0427873952483	107.36442231964213	37.706180322997206	
131.89022067793138	103.41563710435572	148.7225628684494	134.80508848197087	128.13023770375884	150.92057784215848	130.84914224123162	103.15682356871949	39.656040523122066	
48.163626352502305	97.97568277760277	145.9442269445352	132.8317122669407	128.42599602205965	150.8645108348107	126.1611843983432	98.50723826183955	35.65120677933319	
136.7605706043	74.43684872127665	148.11908449779295	135.48154599997008	49.92288484081463	149.91147635700807	132.98068309773288	107.0718055969707	36.42204922816744	
37.2987653795611	93.57388942263815	143.43062550991553	38.68694624866283	44.893183524537925	146.96053670956138	126.23466533236918	102.48718091466566	41.229301904801694	
142.30250335604262	67.52117865229026	143.32040858284597	143.60117100220265	60.093924019028655	147.9376438197379	134.7485307156608	103.32362185580197	42.00382197233854	
145.09242886166592	94.69918468222536	142.76170727499124	143.92063784563084	50.433306018900424	145.78047651994558	129.53641109508115	102.70480379254322	140.85245924658898	
148.22059668800716	100.95679955050988	142.68298976554087	146.84229500991162	50.90573389690038	145.2330534140945	135.57713216701535	92.65723076546746	37.05173711845392	
142.61540709789122	124.7110692573614	146.56908092915026	141.8791609677448	49.82748903371212	144.84950236401295	132.39491391621146	96.02772964700168	40.9533761716145	
135.4259439103089	54.62661745538256	143.03815653017026	143.47276868135413	45.370905160694306	145.62724396717903	137.86968557496547	98.11922586120423	144.37061994267074	
138.02384172035048	52.95150073406596	143.05946680950996	144.3695185978391	49.43364259283611	146.2200352866472	143.2891284862173	104.82077513388022	39.807662593156735	
47.51053927382287	69.48643404776514	144.6805132495671	135.27321982123985	48.01762536903	145.94460216115593	42.29076417500295	99.33377900652533	141.4086693737871	
138.79546949152768	117.0666700814503	148.5907368649004	139.5263252036635	48.45318451118236	147.44354282158005	42.66648945156094	102.56727883283195	43.39914173899632	
143.17764100270665	120.29829774679799	151.73793173356108	132.22336642840813	66.1249169752455	149.53614486213317	43.589900889156745	100.43040493546742	133.73123047725122	
147.8009127170404	121.56487279235365	147.65271660165848	134.38716809618964	65.0038923696122	149.38418120824264	145.5134556432619	98.04096262191104	128.67352718841394	
37.98147051878848	116.70077730260999	148.67161564133028	131.26558067984527	62.95444185357891	149.37154858258486	144.10743155164576	94.16705742105302	48.91942484088248	
39.6023079322879	119.87580490573566	149.98934408033654	132.36500318156533	78.72795178495686	147.47554903595199	39.1502804334038	85.05679949536741	131.03551880396384	
37.375370558617576	116.71763614289358	149.97808901997277	131.16607822533325	50.530851057605105	147.14418680185517	145.84778517794635	96.35585638380986	125.36628901387694	
42.14157020318819	121.39339587150063	147.68089341316238	136.70835773932995	32.91695036815774	146.9442867157692	136.85265334735487	101.6969878182656	52.56934748684863	
35.99528534618127	120.71944013107172	145.72776942048475	147.05354349505615	28.01779106361045	146.32280079888451	146.48504649830443	96.62653921565268	50.18890173147779	
43.83695023961601	109.44604035731005	145.7121607725493	145.59096593966663	160.4473587723874	147.82928323889593	146.5349162349125	93.9921408139013	48.805545052022325	
46.105132709863874	73.31268995456462	144.4815754942461	148.17535371657493	29.429506853366835	147.80515411824157	144.97924114550264	97.82334827485886	130.78921173677696	
50.121071692291366	56.89789629510413	145.9990791168442	153.7564951657326	159.99464610950258	147.59486020816286	139.6121593785109	100.80252193189027	132.35772519217952	
50.565190342390295	131.20228971831762	146.33684197383928	156.96130745376186	162.52459354972956	146.46779094735427	142.50942300389792	103.98476679933955	125.62384348218976	
42.62251395263859	143.65289711094448	148.7295840355933	156.68350961545408	170.5346727551417	148.29191048240565	143.0998254205024	109.23905103357453	133.6199624142052	
45.98349262528382	129.95143196656954	149.13276500295737	153.31719973437083	170.09153116205655	149.19771172363173	144.4087157997261	106.43168437161799	127.42371655445535	
48.058293339947596	127.91269453918663	149.5051934656559	152.81084628771754	10.7961725556371	150.28440243085367	142.02281343923715	107.69785929227685	127.32469761023933	
50.06554783523964	134.84581340532688	150.23542861098824	150.06510123835352	168.70334320332032	150.60723481605905	35.279133843106614	74.25531006396682	129.30634449216527	
43.336104372970404	129.7514230343824	147.20579253567405	152.95880934881643	171.49989309588014	147.23751869962547	33.039598366477215	106.42453225322264	59.030847213953514	
42.87055327732786	132.56034280021132	146.24843447625372	150.44368229869204	2.031156057271231	145.92440959908365	38.983095068383705	104.01199723839065	54.124722396917726	
134.31280301760592	124.40044615285863	146.7623090004698	149.67922533302064	1.8961564293196975	145.82639708376954	39.99697318144297	108.72487425438646	58.254048734662135	
140.9392418550346	128.1022397873341	146.12535392391248	149.73428493621375	177.99535055803148	144.35282878870788	39.61625714799321	108.21632651946022	62.028255098550105	
137.5994383327632	61.485930424427075	149.2704395316671	154.8461016441405	0.06692809562378425	143.80114565733857	141.19385558338496	111.02195576067251	114.38306254638866	
134.91751472334275	122.10897431703859	147.59607566476274	153.27522784614945	1.220372208777243	140.04124212132476	137.7719216025566	115.7308715228293	114.33727332082239	
135.8877905884526	127.79594429875964	150.13301455826058	157.66539298551353	177.29631024359432	141.85114363702502	143.45400218797903	116.49087264013016	110.61428885334091	
138.26495104124996	127.35425432435324	152.37291437507665	154.8317661762521	179.49953483036865	142.98445673497486	141.67123897322108	123.69353017213962	69.99169376594973	
137.15399935806133	135.57974436474854	152.2221703595778	148.82223151849485	176.47961013305226	141.78116818353067	140.18722574040652	123.49453679945954	73.57490776758048	
42.25859868696145	146.42101317830137	152.80609633142686	152.4730385011175	171.7324393653397	144.32324055259565	141.51960910858276	120.15137284789508	65.92558263207184	
40.26117963156577	120.35025512917505	152.44759412208592	153.38492952444508	174.91378068752195	140.29014619860777	37.007440239382724	113.52026112825523	74.70010773208325	
140.5456044342733	112.73112560128845	148.53519193482785	156.21441845535605	176.01919491243282	137.7264040482965	36.94826016105178	112.39475505717736	113.65647215442506	
43.12790859509093	148.96268564379727	149.46962361850362	159.42513693217174	4.3742373818469265	135.49299099951696	141.18869872643495	111.38865139761344	71.72540659547607	
39.601858640477154	127.41490598419306	151.46679284198046	161.9830793629455	4.441441854238353	138.84036574889782	147.69098474220894	119.2307031818722	110.06620817591786	
39.80377028790734	138.30186356140425	151.12664046003582	159.97590315154648	178.08367302738813	138.09550230089505	33.02524102644314	120.98028152420001	110.47416580305816	
41.62719234081943	118.1711506520893	152.64533228878324	160.09975829347374	177.88224265570238	140.12318498420143	34.06012028668885	124.92112038213595	109.53428621885662	
39.955143684705696	46.190778600262846	154.61412359780607	154.6217206623666	170.77167402456973	140.90525078974582	147.37817745864447	51.007291550971914	112.29110648595734	
38.72364254358019	57.40037446862268	151.64859961345505	157.28497222586824	172.66184963962954	136.09656244451332	33.77270919396229	128.8432271332478	107.10109413673555	
38.492043961250985	55.87106914629224	149.28850499792557	159.32776481357746	179.84759389567748	138.19728544669638	31.99253976450002	128.06925088931905	65.08157480865735	
37.077175872144785	40.31497158314	148.03903236468983	161.89657126958426	4.355796005211631	137.63093327016733	30.478531881801704	120.19946504066093	112.10119958632693	
37.739983375217555	58.01653711358399	147.40516011659355	163.27630453156252	177.37371541206343	134.36595780725966	151.35381912119956	129.18931131511746	113.63464933555392	
36.82534204207481	53.169067861284056	146.757918271223	163.67718545851565	179.13966243785197	137.05382340397048	153.43294278111512	124.93009902942137	117.47290945069737	
34.818555081901955	48.64532224510077	148.19408131442177	160.88228245571284	177.6668964731685	135.4208032885388	29.85232615648175	121.44067575324263	112.9093768697479	
34.87407065324903	43.64775474102784	145.90063629756145	159.38387056478786	5.96740266020909	132.52086693009593	152.4745400274665	123.85797454783852	69.33393696959718	
33.117440653411265	146.47758743257447	144.8516969740822	160.61346925850924	0.8935868647493531	133.08184270377888	26.568180637868817	129.45873192569766	71.70319524255565	
29.660471102223905	25.18059590009565	146.8677941358303	161.6606364746802	0.27330212301006096	133.6645965081676	151.22032207623414	133.83968950128858	66.32862581940377	
39.9737509472728	50.01857757951024	146.91825289315852	162.82069191289196	175.14944742774145	133.7030245392853	151.63969260978024	45.49384999907763	114.60944007948753	
35.57342362161432	43.20593010675042	143.22080588541886	165.1988221691872	176.8189666169919	135.0357816814251	27.111664086272125	45.301829581801336	64.16814632968358	
41.842588661855395	53.50195787532826	143.25100998442397	163.55375588758997	173.7999580158584	133.3621211862452	152.26023802081107	42.16129068606769	115.97778135756212	
37.10847978204177	41.182741849178406	145.86349556253708	167.15265849696382	178.79237875300782	132.5158022794019	154.8350020424652	128.90215021023468	118.14869261448865	
138.399914274996	49.599190143943375	144.9895371252123	165.1626398518791	5.010438270011574	131.95269605794792	157.1840175687527	49.94384859772809	107.96938973671202	
143.15437710009812	31.376954238028176	148.98392859300446	160.72806463346538	178.33125605415907	132.45750750570866	27.186930788401707	46.60345897298435	105.30628850103156	
144.83404939949926	23.402517801465667	148.49981477068098	161.1299819429192	172.90786826292074	134.54398990990882	154.39345804841332	46.15716096630027	106.48174171408627	
32.20178859452676	27.41571307517965	151.1984550725151	22.503033206785393	167.1310498874314	134.17965187297523	154.67098310142288	48.00944540924002	103.14950862742509	
35.40358636492791	18.83869543792325	146.3261270464566	161.4107865526603	175.53017785061314	135.2865527995099	26.11667469034005	129.47241528071197	105.03456945344588	
33.16500714969285	17.067405956309774	147.22467665086478	158.7767906422365	7.8167281719003165	136.5789378336469	151.05364244214385	135.14329540982376	107.47706458107619	
35.32446850758578	24.389488187480993	147.60713779818687	159.73569902791058	176.12695450474098	137.2501759313048	147.98699661040462	133.46163410483734	65.07514014537071	
36.917115593013484	35.55596296070016	143.06002161622843	16.769659952231244	178.60390571915144	137.82332650437726	30.686477188658557	134.1067486294898	70.34792094044107	
34.971849837415995	39.193918500177915	146.43988355576644	18.25823049541352	175.54969284787992	140.38588160979816	31.73436727953438	138.06775403780915	111.44364324678212	
142.20497560746372	39.18428517439898	143.53337746614594	14.978952818271516	9.007285786801457	135.75842409323425	148.52648459253345	44.44792733597907	68.78862049972842	
36.106945169081214	50.90174645387797	144.18125921832316	162.75444932348972	6.37677336404633	138.3380185558809	150.4632601354865	42.69279470996234	111.43378905690938	
38.65008292424548	132.9290089796034	140.6836055455801	165.8035973980111	13.759941713388583	137.53071965917704	26.781544258425146	134.27307137676755	112.0119438281126	
37.350833323191424	59.44296678423925	143.7659112222679	166.44712061476787	171.48991337604446	137.26057076741446	27.55795540429357	44.047736200230126	111.0895781796903	
36.010003100249676	53.066472030056005	141.61031999110764	169.5496761458171	20.112298413105833	139.09127706188582	159.72823861697555	132.16898017507907	111.25659571399889	
33.91599798249198	57.92518050819108	141.2922591014039	168.54184505647362	15.402571662706897	135.8177157089694	159.68250333012318	131.99237419888922	67.7712555780132	
145.6950413789166	68.48625957712278	139.6408498478335	8.380597899278706	156.58751735930176	135.05123038090713	161.42904925948037	130.94549349124256	112.82724508749344	
149.88741608936272	43.02942683996423	142.00445792500275	172.57571592673935	18.413383684756774	138.30719899528273	161.86455615596944	51.253648454304354	109.20115894677353	
26.193770842332164	43.75196432814641	141.70861355341398	169.04887181756817	9.936740531336092	138.13569986590997	161.4703758289507	125.08002175458864	68.18258340019139	
158.50265594722782	52.06634828301273	142.16863979511456	169.68233190732136	14.665518466236184	136.2872227707201	165.78572566916623	120.52302400068892	112.27954198624656	
158.4216997125006	53.19208107603064	145.02375275553405	170.58206976704648	12.619706427167072	140.90462604948215	13.538253381596306	124.20636151901759	111.4951516708711	
157.37450325165054	50.355662449773895	142.83555329361766	170.1144140269289	13.558818363434442	139.5430360019004	164.4682649530731	127.14969303068129	70.02021662024208	
157.35167077853475	59.24311331331028	142.73106741587557	172.42582819885376	22.592364529589688	136.26443686860713	165.37071833669063	50.77729369957379	110.16981018641305	
22.502156497573832	43.74219025784118	144.2660728780971	172.8002975469765	18.3593504463944	138.5237755665639	165.9334338252086	55.64617003331011	105.36286482031011	
19.485375575621838	60.40127575575395	141.85308538873875	172.1455058862514	28.20241837092193	138.6506471084304	165.37148020891956	124.02769201579925	107.03523840006834	
18.212056952423627	68.77145910683839	141.99625986172214	172.10547546638347	15.78380466234097	138.42887333938546	168.10108997143746	58.59930864948786	112.73565124121109	
17.336777609120684	65.44826101541011	142.77512063845248	172.87556018251425	24.442377958000954	138.84947100587698	12.773788447559845	58.67098961800422	67.68073367191944	
18.35327485192705	46.40019814196365	141.6365976801962	8.083077102522793	21.008466061601645	137.7297876786243	167.4515358500712	56.98674905722793	112.05005966543847	
15.243622966337467	58.916620714303875	140.06770745769035	171.83623829516716	27.03523516851038	135.35266843488304	169.9527079741698	121.08577010176222	111.18148739742313	
19.621451926864562	78.73643438170117	136.73093619625269	173.37529690236377	149.5471996278203	132.28121630444485	13.032531141509867	120.31061546745194	109.39575556957746	
18.034473745194884	67.57343456365048	134.39361275241905	173.483437081572	33.08068680790187	129.1036607625899	15.371410041273451	121.90052750499649	105.55149906531072	
18.380361949982454	64.51639574945129	136.84848167864567	4.7196532312630435	34.41099386639521	134.9098005586613	165.18118053317707	118.76068288702835	111.56692162363615	
17.16779185314155	68.13212782851949	135.30101626738863	3.6043025917222047	36.16090679149788	126.40240032613937	165.38903261982594	117.6871611905011	102.9183645375332	
17.45980047956093	62.51838859588232	136.10131710238176	2.7041544111414506	33.16539425779882	130.73860198327836	164.4767147184807	113.18474942860314	100.15495726408162	
19.45296778625645	63.125682890520025	137.36075037349352	175.36590534817967	27.217521354402113	132.04121170837553	165.23552698457223	117.33966215258613	73.21554885478541	
18.05155237877777	60.3987035159768	136.11024044671038	2.362253878724073	35.17109459868155	125.9759809913312	165.74777572763466	117.47910447369975	104.08472518487903	
20.252372038196917	55.29869997481339	136.05681290795886	2.207072447575718	38.081399681747335	121.32029290929414	165.85660500007603	116.8891038154702	104.31610905249528	
20.873415025096914	56.21322429798104	137.87544962609886	179.87015948438602	43.334326839834276	125.08150598129849	164.7127232518158	116.19264882402852	104.9028551288835	
17.869861751671795	53.38320409266849	132.02252588261183	179.05216115136918	41.31108557421949	124.3547722271406	168.28261911490293	120.31050079815182	74.5915378615318	
16.323348160783677	49.969569540414426	134.94336267513293	179.50205801266137	44.524502255700696	125.507442596639	13.538035561979378	116.79108544650718	72.14880409321415	
16.80183211908304	50.58541498795382	135.92309372564404	179.5984277838714	37.69629295206971	131.19843649005037	167.48892040991944	120.62580753736643	71.27150596684358	
16.679941297205314	51.41174950215724	135.97590502437748	179.92575437608127	44.0587978405296	122.74792731211976	167.48641430373385	125.04024268841431	104.01264154733727	
15.871597319867197	51.51045519691144	136.3343399365145	179.0181905039939	42.67520992242086	127.28689919462514	12.444376972002813	118.53601045544035	109.13960106437105	
13.842725452457142	52.560533945935866	135.00799536996985	174.19666273194366	46.25543596681977	127.48134812337038	169.77050111348342	118.56453061782817	72.52209322519933	
13.745060941962468	57.42035938483705	134.27580281477356	176.71401529092478	49.68278340594351	124.49450791293214	168.6595754747853	118.77219662335641	74.71195691875475	
13.08710674986311	55.00478216422805	134.78974827536592	177.52304519979458	43.769843583265065	129.94759785324985	10.067376808947365	116.04302522778157	71.52312936339824	
14.321790486632048	54.62766808943534	132.15843341396754	176.3874072105122	51.3959219647373	126.66293571505173	12.263021190852808	115.8906851415337	72.93748029042916	
12.797982384525987	53.789734774748965	135.20958466742857	178.44021301113028	131.73766589460973	128.4261501886196	168.8762665819541	115.84217788858142	109.27879434512472	
12.090921956562166	53.426333799807274	136.6473038098582	178.79999973481043	34.88930090960949	132.53341215494402	168.4253299237763	120.505495208674	108.16570848788399	
13.07616376017035	46.462540774572574	133.60766245488938	179.54653815092786	140.27382753269424	129.8314643219098	11.675543523413106	126.32220237819213	75.54935869624266	
165.64941083867012	57.88014957711908	133.42083987531862	178.9141135709558	36.51776983908478	130.10455656158925	10.842506428640647	124.2496001137474	107.86907557846777	
13.704002286052635	53.22389354390278	136.95300565157373	179.61880621923197	146.95731861763505	131.8703338028783	11.80795825541488	127.48288999183663	110.89625233057794	
13.179089897090982	44.69120789164159	132.92909997777335	179.80003908169405	41.52971833061924	124.70586230609646	167.108993860902	127.69335751722139	105.21093597775693	
12.894760853956303	44.12179271995315	134.48010955342605	3.2346492727394787	29.92656789986357	127.6511641323454	11.91476304354357	129.77895721517606	71.72838150922412	
12.845125910887129	39.468357526273536	136.04394411010716	178.84944925068604	28.643295402287304	131.81747118619472	171.34347581896225	128.55091419066585	107.95484075188358	
12.48367185271903	49.410345317301854	136.08546004878067	177.6119550142757	28.17331806991361	130.0074098003301	168.77360117369867	131.67085457100143	74.00737857052336	
12.959817450787257	44.35562282163355	134.72732794879158	179.8540431971853	150.80180624015867	127.80159645367652	9.133345945060263	132.3433435796034	76.00724840241746	
15.531514985990498	54.55318846593432	135.58019543815055	179.08487375663626	25.098387902293	130.07165536858562	9.781160916633496	137.3474166674823	80.46801671879209	
14.96870548100485	61.791713875619266	140.2833677703242	177.467417561537	26.920086230901543	135.74095018175956	167.74677057308128	135.16201630099823	74.3736759193381	
14.35221809599319	58.77832034862956	136.8765260530638	178.7305354668038	145.46124767085803	134.61260014286609	171.51284654235596	131.72865505506485	76.43974367496425	
12.960215470907412	58.77440182512366	137.24607940884803	2.6521628641218338	146.7022491414475	133.83357403212665	171.52452722124207	132.29304182553773	74.09299691883261	
15.110401557972532	60.992461189911666	134.27475950880574	179.1354902784308	148.67384372139747	127.0255862948798	171.94413027868123	136.2510436274278	104.13332211567236	
17.493436602201218	63.87986119711067	136.07105351481056	2.028807745350712	30.100932055665947	129.34403313389714	11.269884063483559	137.5051772310173	73.69441374257237	
163.77840985760673	67.62692156730736	132.20257016723897	179.66076881140805	32.311718534263484	125.114655829443	10.335671222801443	136.6820350200687	105.85967703260646	
17.098338062905306	52.20852324746074	133.66562105917274	177.6787695255409	19.975572465233636	127.16271530472994	11.559727982136758	132.65559667352275	77.99256578062408	
14.503857673871993	55.475391521675235	134.5810703013428	178.7708713415469	157.22049399044255	131.21686203608135	169.9643649830086	132.88545401412995	73.16300623987568	
13.675798683449084	53.645269814543674	138.85603926563684	178.25029366185203	23.253797628282054	129.7151125609424	8.286227112015712	134.7016570211071	77.43983724008916	
13.995207841576686	62.231803712793294	138.93768447437836	174.8978516756975	155.31537176135018	128.6991890728966	9.406602549485207	136.51184508729008	76.63235527333259	
12.464451655178795	62.45946635216701	138.07171044761063	171.1938833819649	12.659058189140687	128.2522574631138	10.556073261637895	136.27641545833998	102.64774698697147	
13.329633214602413	56.01723347542739	138.5268357129275	176.07271529339374	164.10291236745636	128.2486141409615	170.872411931103	135.7612989102741	100.87551611859097	
165.74262946246753	65.63297485732558	143.2434064968706	175.77313879729323	13.110670227903553	134.76018934711166	9.0090668740276	137.467879689836	103.58599662498443	
13.934745685251805	62.185830697299274	139.74820105806216	175.89308119569895	160.88060648865277	134.82124417062778	9.038256573472395	135.4178989181931	75.48470136425155	
15.844936451286761	68.57847516980918	141.34282627891122	176.67375924402918	27.930454319834553	134.91790299888777	168.87830058985517	139.3543561934419	72.61094760447698	
16.095799725883516	73.8125999105582	141.02188277153886	179.5925059243231	29.098607963791544	131.5954931616128	11.993690498782978	133.21145797443867	73.70448575795993	
16.896545239935055	72.25588101703826	141.12869981594676	179.3033403895235	28.974974317027623	130.89671880315288	9.377005243681575	142.02412648107287	103.79840824012477	
13.621947581962408	65.02113727245599	140.72599311637597	179.54883120926635	29.51826612459387	132.31172771067722	170.4401399398654	37.20677071263896	75.07418951720264	
16.291071554537485	63.13260803607478	140.26362381633274	179.48494130529335	33.09446085536937	132.65463476835953	11.394060014670764	138.1551999087146	100.27410246185585	
13.609088101169773	75.76003415678232	137.21912495976534	179.19409537514386	37.84601101044648	126.64342904789035	9.021378594110574	139.493263260488	98.20225378991105	
13.055402756165588	64.59489279700712	138.50235368737592	177.79119666554539	27.631935505841042	127.59344550651693	7.689513296176866	37.39671160440242	104.70913807652404	
12.216614157525214	70.88600529697959	138.78112386383089	178.79880519500205	29.934944114550497	128.2134343365425	173.06225045077358	38.16548161404907	105.65334832305047	
17.22539223043547	75.90425464052474	140.16366761644142	179.89832422974658	28.411079951638843	133.0653122062407	10.36032274233773	135.1116320652331	68.50508750428632	
14.226899214117733	75.36381620865362	138.8223443712526	178.68285812834495	27.73607795047535	130.43002535847285	8.792312246108285	133.20151877487973	107.7416024958889	
14.849419400252643	64.16093686425133	138.56553772424104	177.4225458674073	28.8360859944527	125.29019504564951	171.57166325028885	131.84784104603887	78.35537168686135	
17.4534240034167	69.33436323534444	138.40008747511754	178.40952390378217	148.0495452991612	133.21801549013938	168.70795259028634	130.71116597288486	79.63058830568195	
17.66252283519167	69.44409877368177	139.67442478638603	179.42743168620314	154.16852244945238	133.2109915281643	9.973764134203032	128.0646503753509	75.36009784236458	
